0 144 64 60;
250 144 100 60;
500 144 64 60;
750 144 100 60;
1000 144 62 60;
1250 144 98 60;
1500 144 62 60;
1750 144 98 60;
2000 144 64 60;
2250 144 100 60;
2500 144 64 60;
2750 144 100 60;
3000 144 65 60;
3250 144 101 60;
3500 144 64 60;
3750 144 100 60;
4000 144 60 60;
4250 144 96 60;
4500 144 64 60;
4750 144 100 60;
5000 144 62 60;
5250 144 98 60;
5500 144 60 60;
5750 144 96 60;
6000 144 60 60;
6250 144 96 60;
6500 144 62 60;
6750 144 98 60;
6893 144 48 60;
6999 144 60 60;
7082 144 84 60;
7248 144 96 60;
7498 144 62 60;
7748 144 98 60;
7998 144 64 60;
8248 144 100 60;
8498 144 62 60;
8748 144 98 60;
8998 144 60 60;
9033 144 48 60;
9247 144 96 60;
9297 144 84 60;
9496 144 62 60;
9746 144 98 60;
9996 144 64 60;
10246 144 100 60;
10496 144 67 60;
10638 144 48 60;
10745 144 103 60;
10995 144 65 60;
11178 144 84 60;
11244 144 101 60;
11494 144 64 60;
11744 144 100 60;
11994 144 67 60;
12244 144 103 60;
12494 144 65 60;
12744 144 101 60;
12959 144 48 60;
12993 144 64 60;
13243 144 62 60;
13324 144 36 60;
13332 144 84 60;
13492 144 100 60;
13742 144 98 60;
13992 144 64 60;
14242 144 100 60;
14312 144 48 60;
14491 144 65 60;
14531 144 84 60;
14579 144 50 60;
14690 144 86 60;
14739 144 101 60;
14839 144 50 60;
14988 144 64 60;
15027 144 86 60;
15222 144 50 60;
15236 144 62 60;
15342 144 86 60;
15473 144 50 60;
15484 144 100 60;
15722 144 86 60;
15733 144 98 60;
15859 144 50 60;
15982 144 64 60;
16065 144 86 60;
16231 144 100 60;
16343 144 50 60;
16480 144 62 60;
16730 144 98 60;
16748 144 86 60;
16842 144 48 60;
16979 144 60 60;
17099 144 48 60;
17135 144 84 60;
17227 144 96 60;
17312 144 50 60;
17354 144 86 60;
17475 144 59 60;
17675 144 86 60;
17724 144 95 60;
17732 144 48 60;
17837 144 84 60;
17973 144 57 60;
18223 144 93 60;
18341 144 50 60;
18472 144 59 60;
18722 144 95 60;
18972 144 60 60;
19222 144 96 60;
19224 144 48 60;
19230 144 86 60;
19471 144 64 60;
19472 144 84 60;
19720 144 62 60;
19970 144 100 60;
20220 144 98 60;
20470 144 64 60;
20720 144 100 60;
20970 144 64 60;
21220 144 100 60;
21470 144 60 60;
21720 144 96 60;
21970 144 60 60;
22220 144 96 60;
22470 144 64 60;
22720 144 100 60;
22970 144 62 60;
23220 144 98 60;
23470 144 60 60;
23720 144 96 60;
23970 144 59 60;
24220 144 95 60;
24470 144 65 60;
24720 144 101 60;
24970 144 64 60;
25220 144 100 60;
25470 144 60 60;
25720 144 96 60;
25970 144 62 60;
26220 144 98 60;
26470 144 64 60;
26720 144 100 60;
26970 144 60 60;
27220 144 96 60;
27470 144 62 60;
27720 144 98 60;
27970 144 68 60;
28220 144 104 60;
28470 144 69 60;
28720 144 105 60;
28970 144 64 60;
29220 144 100 60;
29470 144 66 60;
29720 144 102 60;
29970 144 67 60;
30220 144 103 60;
30470 144 62 60;
30720 144 98 60;
30970 144 64 60;
31220 144 100 60;
31470 144 65 60;
31720 144 101 60;
31970 144 64 60;
32220 144 100 60;
32470 144 62 60;
32720 144 98 60;
32970 144 60 60;
33220 144 96 60;
33470 144 64 60;
33720 144 100 60;
33970 144 62 60;
34220 144 98 60;
34470 144 65 60;
34720 144 101 60;
34970 144 64 60;
35220 144 100 60;
35470 144 65 60;
35720 144 101 60;
35970 144 62 60;
36220 144 98 60;
36470 144 64 60;
36720 144 100 60;
36970 144 64 60;
37220 144 100 60;
37470 144 62 60;
37720 144 98 60;
37970 144 67 60;
38220 144 69 60;
38470 144 103 60;
38720 144 105 60;
38970 144 67 60;
39220 144 103 60;
39470 144 60 60;
39720 144 96 60;
39970 144 59 60;
40220 144 95 60;
40470 144 60 60;
40720 144 96 60;
40970 144 59 60;
41220 144 95 60;
41470 144 57 60;
41720 144 93 60;
41970 144 55 60;
42220 144 91 60;
42470 144 57 60;
42720 144 93 60;
42970 144 55 60;
43220 144 91 60;
43470 144 59 60;
43720 144 95 60;
43970 144 60 60;
44220 144 96 60;
44470 144 60 60;
44720 144 96 60;
44970 144 64 60;
45220 144 100 60;
45470 144 64 60;
45720 144 100 60;
45970 144 62 60;
46220 144 98 60;
46470 144 62 60;
46720 144 98 60;
46970 144 64 60;
47220 144 100 60;
47470 144 64 60;
47720 144 100 60;
47970 144 65 60;
48220 144 101 60;
48470 144 64 60;
48720 144 100 60;
48970 144 60 60;
49220 144 96 60;
49470 144 64 60;
49720 144 100 60;
49970 144 62 60;
50220 144 98 60;
50470 144 60 60;
50720 144 96 60;
50970 144 60 60;
51220 144 96 60;
51470 144 62 60;
51720 144 98 60;
51970 144 60 60;
52220 144 96 60;
52470 144 62 60;
52720 144 98 60;
52970 144 64 60;
53220 144 100 60;
53470 144 62 60;
53720 144 98 60;
53970 144 60 60;
