0 144 64 60;
250 144 100 60;
500 144 64 60;
750 144 100 60;
1000 144 62 60;
1250 144 98 60;
1500 144 62 60;
1750 144 98 60;
2000 144 64 60;
2250 144 100 60;
2500 144 64 60;
2750 144 100 60;
3000 144 65 60;
3250 144 101 60;
3500 144 64 60;
3750 144 100 60;
4000 144 60 60;
4250 144 96 60;
4500 144 64 60;
4750 144 100 60;
5000 144 62 60;
5250 144 98 60;
5500 144 60 60;
5750 144 96 60;
6000 144 60 60;
6250 144 96 60;
6500 144 62 60;
6750 144 98 60;
7000 144 60 60;
7250 144 96 60;
7500 144 62 60;
7750 144 98 60;
8000 144 64 60;
8250 144 100 60;
8500 144 62 60;
8750 144 98 60;
9000 144 60 60;
9250 144 96 60;
9500 144 62 60;
9750 144 98 60;
10000 144 64 60;
10250 144 100 60;
10500 144 67 60;
10750 144 103 60;
11000 144 65 60;
11250 144 101 60;
11500 144 64 60;
11750 144 100 60;
12000 144 67 60;
12250 144 103 60;
12500 144 65 60;
12750 144 101 60;
13000 144 64 60;
13250 144 62 60;
13500 144 100 60;
13750 144 98 60;
14000 144 64 60;
14250 144 100 60;
14500 144 65 60;
14750 144 101 60;
15000 144 64 60;
15250 144 62 60;
15500 144 100 60;
15750 144 98 60;
16000 144 64 60;
16250 144 100 60;
16500 144 62 60;
16750 144 98 60;
17000 144 60 60;
17250 144 96 60;
17500 144 59 60;
17750 144 95 60;
18000 144 57 60;
18250 144 93 60;
18500 144 59 60;
18750 144 95 60;
19000 144 60 60;
19250 144 96 60;
19500 144 64 60;
19750 144 62 60;
20000 144 100 60;
20250 144 98 60;
20500 144 64 60;
20750 144 100 60;
21000 144 64 60;
21250 144 100 60;
21500 144 60 60;
21750 144 96 60;
22000 144 60 60;
22250 144 96 60;
22500 144 64 60;
22750 144 100 60;
23000 144 62 60;
23250 144 98 60;
23500 144 60 60;
23750 144 96 60;
24000 144 59 60;
24250 144 95 60;
24500 144 65 60;
24750 144 101 60;
25000 144 64 60;
25250 144 100 60;
25500 144 60 60;
25750 144 96 60;
26000 144 62 60;
26250 144 98 60;
26500 144 64 60;
26750 144 100 60;
27000 144 60 60;
27250 144 96 60;
27500 144 62 60;
27750 144 98 60;
28000 144 68 60;
28250 144 104 60;
28500 144 69 60;
28750 144 105 60;
29000 144 64 60;
29250 144 100 60;
29500 144 66 60;
29750 144 102 60;
30000 144 67 60;
30250 144 103 60;
30500 144 62 60;
30750 144 98 60;
31000 144 64 60;
31250 144 100 60;
31500 144 65 60;
31750 144 101 60;
32000 144 64 60;
32250 144 100 60;
32500 144 62 60;
32750 144 98 60;
33000 144 60 60;
33250 144 96 60;
33500 144 64 60;
33750 144 100 60;
34000 144 62 60;
34250 144 98 60;
34500 144 65 60;
34750 144 101 60;
35000 144 64 60;
35250 144 100 60;
35500 144 65 60;
35750 144 101 60;
36000 144 62 60;
36250 144 98 60;
36500 144 64 60;
36750 144 100 60;
37000 144 64 60;
37250 144 100 60;
37500 144 62 60;
37750 144 98 60;
38000 144 67 60;
38250 144 69 60;
38500 144 103 60;
38750 144 105 60;
39000 144 67 60;
39250 144 103 60;
39500 144 60 60;
39750 144 96 60;
40000 144 59 60;
40250 144 95 60;
40500 144 60 60;
40750 144 96 60;
41000 144 59 60;
41250 144 95 60;
41500 144 57 60;
41750 144 93 60;
42000 144 55 60;
42250 144 91 60;
42500 144 57 60;
42750 144 93 60;
43000 144 55 60;
43250 144 91 60;
43500 144 59 60;
43750 144 95 60;
44000 144 60 60;
44250 144 96 60;
44500 144 60 60;
44750 144 96 60;
